42      42    4242424242                                                                                42      42    4242424242
42      42            42                                                                                42      42            42
42      42            42                                                                                42      42            42
424242424242  4242424242                                                                                424242424242  4242424242
        42    42                                                                                                42    42
        42    42                                                                                                42    42
        42    42                                                                                                42    42
        42    4242424242                                                                                        42    4242424242

42      42    4242424242                                                                                42      42    4242424242
42      42            42                                                                                42      42            42
42      42            42                                                                                42      42            42
424242424242  4242424242                                                                                424242424242  4242424242
        42    42                                                                                                42    42
        42    42                                                                                                42    42
        42    42                                                                                                42    42
        42    4242424242                                                                                        42    4242424242

42      42    4242424242                                                                                42      42    4242424242
42      42            42                                                                                42      42            42
42      42            42                                                                                42      42            42
424242424242  4242424242                                                                                424242424242  4242424242
        42    42                                                                                                42    42
        42    42                                                                                                42    42
        42    42                                                                                                42    42
        42    4242424242                                                                                        42    4242424242

42      42    4242424242  42      42    4242424242  42      42    4242424242  42      42    4242424242  42      42    4242424242  42      42    4242424242
42      42            42  42      42            42  42      42            42  42      42            42  42      42            42  42      42            42
42      42            42  42      42            42  42      42            42  42      42            42  42      42            42  42      42            42
424242424242  4242424242  424242424242  4242424242  424242424242  4242424242  424242424242  4242424242  424242424242  4242424242  424242424242  4242424242
        42    42                  42    42                  42    42                  42    42                  42    42                  42    42
        42    42                  42    42                  42    42                  42    42                  42    42                  42    42
        42    42                  42    42                  42    42                  42    42                  42    42                  42    42
        42    4242424242          42    4242424242          42    4242424242          42    4242424242          42    4242424242          42    4242424242

                                                                                                        42      42    4242424242
                                                                                                        42      42            42
                                                                                                        42      42            42
                                                                                                        424242424242  4242424242
                                                                                                                42    42
                                                                                                                42    42
                                                                                                                42    42
                                                                                                                42    4242424242

                                                                                                        42      42    4242424242
                                                                                                        42      42            42
                                                                                                        42      42            42
                                                                                                        424242424242  4242424242
                                                                                                                42    42
                                                                                                                42    42
                                                                                                                42    42
                                                                                                                42    4242424242

                                                                                                        42      42    4242424242
                                                                                                        42      42            42
                                                                                                        42      42            42
                                                                                                        424242424242  4242424242
                                                                                                                42    42
                                                                                                                42    42
                                                                                                                42    42
                                                                                                                42    4242424242

                                                                                                        42      42    4242424242
                                                                                                        42      42            42
                                                                                                        42      42            42
                                                                                                        424242424242  4242424242
                                                                                                                42    42
                                                                                                                42    42
                                                                                                                42    42
                                                                                                                42    4242424242